car 99,199 499,199 99,599 499,599 13
car 701,199 1101,199 701,599 1101,599 21
car 701,199 1101,199 701,599 1101,599 3
car 99,199 499,199 99,599 499,599 25