car 99,199 499,199 99,599 499,599 4
car 701,199 1101,199 701,599 1101,599 19
car 701,199 1101,199 701,599 1101,599 12
car 99,199 499,199 99,599 499,599 9.5
car 99,199 499,199 99,599 499,599 19