car 701,199 1101,199 701,599 1101,599 24
car 701,199 1101,199 701,599 1101,599 18
car 99,199 499,199 99,599 499,599 2
car 99,199 499,199 99,599 499,599 8
car 99,199 499,199 99,599 499,599 15
car 701,199 1101,199 701,599 1101,599 7